1515572935572
1515572947400
1515572952400
1515572957402
1515572962402
1515572967404
1515572972405
1515572977408
1515572982410
1515572987412
1515572992413
1515572997414
1515573002416
1515573007417
1515573012418
1515573017419
1515573022420
1515573027422
1515573032424
1515573046519
1515573065215
1515573070216
1515573075218
1515573083996
1515573088997
1515573104324
1515573131325
1515573136327
1515573141500
1515573146501
1515573211785
1515573394495
1515573406706
1515573485445
1515573517209
1515573522211
1515573527211
1515573594569
1515573599571
1515573615821
1515573634617
1515573679967
1515573684968
1515573727750
1515573732752
1515573738258
1515573743285
1515573748286
1515573753286
1515573769351
1515573790049
1515573801152
1515573808679
1515573835623
1515573893411
1515573898410
1515573903412
1515573910689
1515573915690
1515573920691
1515573925693
1515573930696
1515573940553
1515573945555
1515573950557
1515573955557
1515573960560
1515573965561
1515573970564
1515573975566
1515573980568
1515573985569
1515573993599
1515573998601
1515574003603
1515574008605
1515574013607
1515574026192
1515574031193
1515574036302
1515574041725
1515574046727
1515574051861
1515574087182
1515574092184
1515574097185
1515574107677
1515574112678
1515574120102
1515574125103
1515574157890
1515574162893
1515574168060
1515574173889
1515574178890
1515574183891
1515574188893
1515574193894
1515574198895
1515574204044
1515574209045
1515574214046
1515574229494
1515574234495
1515574250551
1515574255549
1515574294982
1515574325375
1515574383247
1515574410813
1515574415814
1515574421712
1515574426880
1515574432885
1515574438054
1515574443055
1515574448057
1515574457093
1515574462096
1515574472980
1515574479333
1515574492605
1515574497606
1515574502609
1515574507610
1515574515549
1515574520551
1515574542130
1515574547130
1515574637190
1515574642196
1515574647192
1515574684854
1515574691230
1515574696232
1515574726066
1515574731067
1515574740650
1515574745651
1515574750652
1515574784841
1515574789841
1515574794843
1515574814327
1515574819329
1515574828081
1515574833082
1515574839193
1515574844194
1515574849507
1515574854508
1515574860979
1515574911605
1515574916607
1515574921608
1515574926609
1515574931610
1515574941099
1515574946102
1515574988313
1515575000345
1515575022656
1515575027656
1515575032659
1515575042929
1515575047930
1515575052932
1515575058121
1515575063237
1515575080642
1515575085643
1515575102693
1515575107693
1515575112695
1515575117696
1515575122698
1515575127699
1515575132701
1515575137954
1515575143429
1515575148431
1515575160998
1515575166000
1515575174210
1515575249634
1515575254634
1515575259636
1515575264637
1515575270409
1515575275411
1515575281009
1515575286011
1515575291012
1515575296013
1515575334251
1515575342440
1515575347441
1515575352442
1515575618133
1515575623136
1515575628136
1515575634179
1515575639180
1515575800172
1515575805173
1515575810174
1515575815176
1515575869597
1515576016128
1515576021129
1515576026130
1515576700227
1515576705227
1515576978935
1515577309913
1515577314913
1515577319914
1515577324916
1515577329918
1515577334919
1515577339921
1515577344923
1515577378089
1515577383089
1515577407646
1515577412868
1515577418241
1515577423243
1515577428244
1515577433246
1515577438248
1515577443248
1515577490874
1515577495876
1515577583155
1515577588156
1515577593158
1515577598160
1515577603161
1515577608162
1515577613165
1515577618166
1515577623559
1515577628560
1515577633561
1515577638563
1515577777938
1515577945363
1515577950364
1515577955366
1515577960368
1515577965597
1515577970599
1515577975602
1515577980602
1515577985604
1515577990605
1515577995906
1515578237693
1515578402287
1515578499993
1515578504995
1515578509997
1515578515339
1515578520341
1515578525342
1515578530539
1515578535539
1515578540541
1515578545542
1515578550543
1515578556052
1515578561051
1515578566053
1515578571056
1515578576154
1515578581155
1515578586156
1515578591158
1515578596159
1515579166932
1515579171934
1515580657438
1515580662439
1515583656450
1515583661453
1515583695583
1515583700585
1515583705588
1515585118366
1515585123367
1515585249881
1515585254882
1515585259884
1515586224899
1515586229901
1515586234902
1515586799357
1515586804359
1515586809361
1515586980669
1515586985670
1515586990672
1515586996405
1515587001406
1515587006406
1515587011410
1515587019731
1515587024734
1515587029736
1515587053291
1515587058293
1515587063294
1515587086256
1515587101736
1515587107916
1515587118342
1515587123345
1515587128862
1515587133866
1515587138866
1515587143867
1515587148873
1515587153871
1515587158872
1515587163874
1515587168875
1515587173878
1515587178881
1515587183881
1515587188883
1515587193884
1515587198884
1515587203885
1515587208886
1515587213888
1515587218890
1515587223892
1515587228894
1515587233896
1515587238898
1515587243901
1515587252632
1515587258716
1515587264695
1515587273001
1515587278002
1515587283003
1515587341475
1515587388996
1515587393998
1515587704685
1515587709686
1515587716247
1515587721247
1515587726250
1515587747200
1515587752201
1515587759326
1515587764328
1515587769329
1515587775256
1515587780259
1515587785260
1515587790260
1515587795261
1515587800264
1515587805265
1515587810266
1515587815267
1515587820269
1515587825271
1515587830273
1515587835274
1515587840276
1515587845276
1515587850278
1515587855279
1515587860280
1515587865283
1515587870283
1515587875287
1515587883868
1515587888871
1515587893872
1515587898875
1515587903875
1515588035484
1515588040485
1515588045486
1515588050488
1515588055489
1515588060491
1515588074425
1515588079425
1515588084426
1515588097645
1515588102646
1515588113416
1515588118418
1515588123419
1515588128420
1515588133420
1515588138919
1515588143921
1515588201033
1515588206034
1515588211035
1515588216036
1515588221039
1515588243014
1515588248016
1515588253016
1515588258019
1515588263020
1515588269433
1515588274435
1515588279436
1515588284438
1515588289439
1515588294441
1515588299443
1515588304443
1515588316261
1515588323048
1515588328050
1515588333052
1515588338054
1515588343055
1515588348058
1515588353778
1515588358779
1515588363780
1515588368781
1515588373782
1515588378784
1515588383785
1515588388785
1515588393788
1515588398790
1515588403790
1515588408792
1515588416106
1515588421107
1515588426109
1515588431110
1515588504778
1515588629265
1515588634265
1515588639266
1515589136764
1515589311366
1515589319572
1515589324573
1515589329573
1515589334575
1515589339577
1515589349272
1515589354273
1515589359273
1515589364275
1515589369276
1515589374278
1515589379279
1515589384281
1515589389282
1515589394285
1515589399285
1515589424326
1515589429327
1515591988204
1515592379715
1515592468254
1515592473255
1515593237573
1515593242574
1515595539822
1515595748186
1515595753186
1515596213685
1515596218688
1515596224158
1515596229159
1515596532765
1515596538585
1515597453116
1515597458118
1515597640236
1515597645236
1515598065118
1515598070119
1515598075120
1515598613429
1515598618431
1515598623433
1515598960665
1515598965666
1515599170539
1515599175541
1515599180543
1515599724108
1515599729109
1515599734109
1515599889141
1515599894143
1515599899145
1515599904146
1515600003978
1515600008980
1515600013981
1515600035161
1515600040163
1515600045164
1515600050164
1515600055637
1515600060639
1515600065640
1515600070642
1515600075643
1515600108786
1515600132382
1515600137384
1515600142385
1515600147387
1515600152389
1515600157391
1515600214175
1515600233002
1515600238002
1515600291601
1515600296603
1515600322998
1515600496303
1515600558821
1515600563823
1515600568825
1515600573826
1515600581320
1515600586322
1515600594290
1515600599291
1515600651505
1515600697324
1515600702325
1515600707326
1515600724963
1515600729966
1515600737560
1515600754991
1515600759992
1515600767760
1515600772761
1515600777763
1515600795859
1515600800860
1515600846645
1515600852414
1515600913251
1515600918253
1515600923255
1515601020046
1515601025048
1515601030048
1515601035051
1515601044473
1515601049475
1515601054478
1515601060533
1515601076823
1515601081824
1515601087065
1515601092066
1515601098550
1515601103552
1515601108555
1515601113555
1515601118558
1515601124196
1515601129200
1515601142494
1515601147497
1515601156634
1515601182094
1515601187094
1515601192095
1515601243832
1515601250333
1515601303939
1515601308945
1515601404053
1515601409055
1515601455815
1515601460817
1515601465819
1515601484472
1515601489474
1515601494475
1515601499476
1515601504478
1515601509479
1515601514479
1515601519480
1515601533319
1515601538320
1515601546968
1515601551968
1515601556970
1515601561971
1515601566974
1515601572452
1515601582613
1515601587614
1515601592616
1515601597617
1515601602618
1515601607859
1515601613815
1515601619410
1515601624411
1515601629412
1515601634413
1515601639414
1515601644415
1515601649417
1515601654419
1515601659419
1515601664421
1515601669421
1515601674423
1515601679425
1515601685550
1515601690552
1515601695553
1515601704918
1515601709920
1515601714922
1515601720168
1515601725170
1515601730172
1515601735173
1515601740174
1515601745176
1515601750178
1515601755179
1515601760181
1515601765183
1515601770185
1515601775186
1515601780187
1515601785189
1515601790191
1515601795193
1515601800866
1515601805866
1515601810868
1515601815869
1515601820871
1515601825871
1515601830874
1515601835875
1515601840876
1515601845877
1515601850879
1515601855880
1515601862126
1515601870346
1515601875348
1515601880349
1515601886241
1515601892497
1515601897498
1515601902500
1515601907502
1515601912504
1515601917505
1515601922507
1515601977719
1515601982720
1515601993963
1515601998964
1515602003966
1515602042877
1515602152701
1515602157701
1515602166478
1515602172079
1515602177080
1515602185166
1515602190978
1515602195978
1515602211905
1515602216906
1515602222106
1515602234000
1515602243756
1515602248757
1515602253760
1515602258761
1515602263764
1515602268765
1515602274025
1515602279028
1515602292680
1515602300970
1515602308597
1515602313598
1515602318601
1515602360512
1515602366373
1515602371375
1515602376376
1515602384712
1515602389712
1515602399511
1515602409045
1515602414046
1515602419049
1515602426576
1515602431868
1515602436868
1515602441870
1515602446872
1515602460468
1515602467553
1515602473491
1515602487833
1515602492835
1515602499253
1515602504254
1515602524941
1515602577135
1515602582137
1515602587139
1515602592139
1515602597141
1515602604006
1515602609008
1515602614009
1515602619076
1515602624079
1515602629080
1515602634081
1515602646958
1515602651960
1515602657053
1515602662054
1515602667056
1515602672056
1515602677059
1515602836838
1515602841839
1515602846841
1515602851842
1515602856842
1515602861844
1515602867150
1515602872152
1515602877153
1515602958405
1515602963406
1515602968406
1515602973409
1515602978410
1515602984140
1515602989342
1515602994344
1515602999345
1515603005551
1515603010554
1515603019313
1515603027480
1515603032481
1515603037482
1515603042483
1515603056560
1515603073596
1515603078778
1515603083780
1515603088779
1515603093781
1515603098782
1515603103784
1515603110954
1515603136045
1515603141046
1515603146048
1515603218969
1515603242216
1515603257092
1515603262094
1515603267577
1515603272579
1515603284110
1515603335117
1515603340118
1515603348099
1515603353101
1515603382284
1515603424278
1515603429280
1515603504423
1515603509425
1515603514427
1515603519429
1515603524432
1515603529434
1515603534435
1515603539438
1515603729181
1515611127990
1515611132988
1515611167016
1515611178193
1515611183194
1515611188195
1515611198018
1515611203019
1515611225230
1515611230233
1515611235234
1515611252637
1515611283370
1515611327781
1515611384599
1515611389600
1515611394600
1515611399601
1515611464069
1515611471671
1515611476670
1515611487733
1515611495779
1515611500781
1515611505782
1515611527825
1515611547419
1515611553080
1515611558759
1515611563759
1515611584478
1515611615234
1515611620234
1515611645061
1515611653844
1515611658843
1515611663847
1515611668847
1515611674276
1515611679277
1515611689817
1515611703452
1515611708453
1515611754393
1515611759394
1515611764828
1515611836481
1515611841483
1515611867288
1515611872290
1515611877289
1515611900267
1515611907984
1515611999131
1515612004132
1515612009134
1515612014135
1515612019137
1515612024141
1515612029141
1515612034143
1515612039144
1515612063426
1515612068427
1515612078794
1515612083794
1515612112826
1515612117827
1515612122849
1515612127997
1515612132997
