1515916834627
1515916839633
1515916845150
1515916850152
1515916855154
1515916860157
1515916883568
1515916888570
1515916893572
1515916898573
1515916903574
1515917034670
1515917041837
1515917069329
1515917074331
1515917079332
1515917084332
1515917175022
1515917180024
1515917225334
1515917230335
1515917235337
1515917240340
1515917245857
1515917250860
1515917255862
1515917260862
1515917286051
1515917291053
1515917349997
1515917358748
1515917363749
1515917369064
1515917374065
1515917381225
1515917388534
1515917393536
1515917417082
1515917422083
1515917427084
1515917511039
1515917520410
1515917525412
1515917552747
1515917598135
1515917658668
1515917663670
1515917751330
1515917756332
1515917761334
1515917805853
1515917812406
1515917817406
1515917829742
1515917834745
1515917839746
1515917855875
1515917860876
1515917866255
1515917871257
1515917876258
1515917919311
1515917924314
1515917935957
1515917940959
1515917945961
1515917959437
1515917964438
1515918019485
1515918024486
1515918029489
1515918069714
1515918074714
1515918079716
1515918087953
1515918092954
1515918097955
1515918119575
1515918124577
1515918130591
1515918136868
1515918142042
1515918152021
1515918157021
1515918168647
1515918173648
1515918202916
1515918207917
1515918215622
1515918224274
1515918236327
1515918246888
1515918304248
1515918316729
1515918321731
1515918376944
1515918381944
1515918386946
1515918391947
1515918396947
1515918401949
1515918406950
1515918411952
1515918416952
1515918425892
1515918451556
1515918463035
1515918468037
1515918473039
1515918478040
1515918483041
1515918488042
1515918493043
1515918498043
1515918525505
1515918530506
1515918547792
1515918558124
1515918563125
1515918568125
1515918573129
1515918578129
1515918592214
1515918597215
1515918602216
1515918607218
1515918612219
1515918617219
1515918622221
1515918627221
1515918632448
1515918637449
1515918642452
1515918647454
1515918652984
1515918657987
1515918662989
1515918667993
1515918674774
1515918679775
1515918684783
1515918694898
1515918699929
1515918704933
1515918709934
1515918714936
1515918719937
1515918868867
1515919018021
1515919023023
1515919036973
1515919078414
1515919083416
1515919088418
1515919093419
1515919098421
1515919108864
1515919118713
1515919718392
1515919723394
1515919728394
1515919734246
1515919739249
1515919744251
1515922837530
1515922844624
1515923066531
1515923071532
1515923149906
1515923154907
1515923259570
1515923681267
1515923898409
1515923903414
1515924490760
1515924495762
1515924500764
1515924656136
1515924661137
1515925020371
1515925025373
1515925030375
1515925184362
1515925189364
1515925194365
1515926405209
1515926410210
1515926428457
1515926433459
1515926937039
1515926943069
1515927836555
1515927846499
1515927851500
1515928269020
1515928886899
1515928891901
1515928896902
1515929070210
1515929075212
1515929080213
1515929085213
1515929853518
1515929858521
1515930033057
1515930038058
1515930043061
1515930925292
1515930930294
1515931296345
1515931301347
1515931306349
1515931760146
1515931765147
1515931770147
1515931928240
1515931933243
1515932022209
1515932027211
1515932032917
1515932037918
1515932042919
1515932047920
1515932052922
1515932058219
1515932063221
1515932068225
1515932073226
1515932078228
1515932083232
1515932089078
1515932094079
1515932099082
1515932104081
1515932109083
1515932114085
1515932208702
1515932213702
1515932218703
1515932678392
1515932683393
1515932688394
1515932693395
1515932698396
1515932703397
1515932708398
1515932713400
1515932718401
1515932723403
1515932728406
1515932733408
1515932738412
1515932743414
1515932748414
1515932806142
1515932811143
1515932816145
1515932821146
1515932896088
1515933620442
1515933625444
1515934595572
1515934600574
1515934605573
1515936178165
1515936183167
1515936188168
1515937270808
1515937275809
1515937280809
1515937316322
1515937440556
1515937445557
1515937654341
1515937827242
1515937832245
1515937837245
1515938300692
1515938305806
1515938310808
1515939006299
1515939011300
1515939016301
1515939021303
1515939487922
1515939492924
1515939497926
1515939777989
1515939782990
1515941275394
1515941280396
1515941358154
1515941363155
1515941368156
1515941614444
1515941619444
1515941988519
1515941993521
1515942660317
1515942665318
1515942670320
1515943249746
1515943254748
1515943760812
1515943765814
1515943770815
1515944132111
1515944137111
1515944142113
1515944383098
1515944388099
1515944687180
1515944692181
1515944910050
1515944915052
1515944920052
1515944946059
1515944951061
1515945133552
1515945138554
1515945143555
1515945352633
1515945510532
1515945515534
1515945760439
1515945765440
1515945770441
1515945775442
1515945780444
1515945785446
1515945790447
1515945816665
1515945821666
1515945826667
1515945831721
1515945836724
1515945894685
1515945911597
1515945916598
1515945921600
1515945926601
1515945931603
1515945936605
1515946020408
1515946027697
1515946032698
1515946039945
1515946044947
1515946049950
1515946054952
1515946067628
1515946074550
1515946098124
1515946103125
1515946108126
1515946133158
1515946149065
1515946154811
1515946159812
1515946164812
1515946169815
1515946174816
1515946179818
1515946184820
1515946189820
1515946194822
1515946199822
1515946204825
1515946210222
1515946215224
1515946220225
1515946225228
1515946233946
1515946238948
1515946243949
1515946248951
1515946254138
1515946259138
1515946264141
1515946269142
1515946274144
1515946279146
1515946284148
1515946299319
1515946304321
1515946309321
1515946315505
1515946331397
1515946336399
1515946488152
1515946536031
1515946541032
1515946546034
1515946552462
1515946557465
1515946566585
1515946571590
1515946576591
1515946581591
1515946586594
1515946591595
1515946603596
1515946613536
1515946618537
1515946625699
1515946630701
1515946640554
1515946647639
1515946662314
1515946669385
1515946721115
1515946726116
1515946733727
1515946738728
1515946743729
1515946756852
1515946761854
1515946828304
1515946833306
1515946838307
1515946844118
1515946849119
1515946865899
1515946870900
1515946875902
1515946922500
1515946927502
1515946932783
1515946961985
1515946966986
1515946971987
1515946976989
1515947011179
1515947022260
1515947029710
1515947044456
1515947066874
1515947071874
1515947076876
1515947081876
1515947086878
1515947091879
1515947096881
1515947101882
1515947176098
1515947183785
1515947188787
1515947195123
1515947200124
1515947205484
1515947291962
1515947296963
1515947372388
1515947377390
1515947382390
1515947387391
1515947424558
1515947429559
1515947434560
1515947461269
1515947466270
1515947479029
1515947484032
1515947489034
1515947494036
1515947499040
1515947529379
1515947534380
1515947539381
1515947552825
1515947559526
1515947564527
1515947569529
1515947574531
1515947579532
1515947586649
1515947698648
1515947720010
1515947725011
1515947750959
1515947803065
1515947808067
1515947813069
1515947818071
1515947823071
1515947829779
1515947834779
1515947839781
1515947844782
1515947849784
1515947856357
1515947861357
1515947867667
1515947872668
1515947877669
1515947889903
1515947895130
1515947900133
1515947905134
1515947910137
1515947915137
1515947920139
1515947925141
1515947930143
1515947935667
1515947940668
1515947963204
1515947968210
1515947979644
1515947986553
1515947991555
1515947996562
1515948001564
1515948006566
1515948011568
1515948016568
1515948021570
1515948026575
1515948031576
1515948036578
1515948041582
1515948046583
1515948051585
1515948056590
1515948061586
1515948066588
1515948074596
1515948079598
1515948084600
1515948089602
1515948094602
1515948099604
1515948104605
1515948119477
1515948124480
1515948129480
1515948162876
1515948167883
1515948172884
1515948177887
1515948182891
1515948187891
1515948192893
1515948197894
1515948202895
1515948207897
1515948212898
1515948217900
1515948235616
1515948273038
1515948279789
1515948293594
1515948298595
1515948303598
1515948308599
1515948314151
1515948320179
1515948325182
1515948330183
1515948337228
1515948342228
1515948347232
1515948352234
1515948357533
1515948363841
1515948373894
1515948378895
1515948446574
1515948451576
1515948456578
1515948462029
1515948467031
1515948472033
1515948477035
1515948482036
1515948487038
1515948497039
1515948504682
1515948509683
1515948519968
1515948524969
1515948529970
1515948534973
1515948539975
1515948544975
1515948573213
1515948578214
1515948585402
1515948596899
1515948601900
1515948607155
1515948616912
1515948621914
1515948626915
1515948632190
1515948637191
1515948642194
1515948647196
1515948652197
1515948657199
1515948663394
1515948668395
1515948677547
1515948682549
1515948687731
1515948692732
1515948697733
1515948710399
1515948715400
1515948720731
1515948729033
1515948734931
1515948739932
1515948749196
1515948754196
1515948759198
1515948764200
1515948769201
1515948774202
1515948779203
1515948784203
1515948789205
1515948794206
1515948799212
1515948804213
1515948809213
1515948839337
1515948844337
1515948849342
1515948897023
1515948915418
1515948920418
1515948925420
1515948930592
1515948938435
1515948948727
1515948999429
1515949005006
1515949010009
1515949015010
1515949020010
1515949091196
1515949100450
1515949105450
1515949126060
1515949131062
1515949136064
1515949141065
1515949146193
1515949151194
1515949156196
1515949161198
1515949166200
1515949177983
1515949182985
1515949220297
1515949225299
1515949230300
1515949235303
1515949240303
1515949245304
1515949250307
1515949255310
1515949275364
1515949283868
1515949288870
1515949297408
1515949343123
1515949348125
1515949370160
1515949375163
1515949398321
1515949403322
1515949408323
1515949413325
1515949418794
1515949426635
1515949431638
1515949436644
1515949441645
1515949446645
1515949451648
1515949456649
1515949461651
