1515661836753
1515661847270
1515662017748
1515662026940
1515662031941
1515662036943
1515662041945
1515662046945
1515662051950
1515662056948
1515662061949
1515662066951
1515662071954
1515662082783
1515662087824
1515662092826
1515662097827
1515662144242
1515662180815
1515662250541
1515662273603
1515662278604
1515662359929
1515662369366
1515662381288
1515662386290
1515662400217
1515662411899
1515662420360
1515662425817
1515662430818
1515662435819
1515662462610
1515662479325
1515662489394
1515662495442
1515662521097
1515662526099
1515662531100
1515662549564
1515662562416
1515662623325
1515662630816
1515662636772
1515662643873
1515662670685
1515662685318
1515662697412
1515662732970
1515662798456
1515662803557
1515662808558
1515662820220
1515662947893
1515662952895
1515662957896
1515662971721
1515662976721
1515662983921
1515662993240
1515662998241
1515663003243
1515663008245
1515663048662
1515663114211
1515663119212
1515663173390
1515663178392
1515663829210
1515663834211
1515663839212
1515664545166
1515664550168
1515664555169
1515664778302
1515664783303
1515666027692
1515667291346
1515667296461
1515667301462
1515667312925
1515667317926
1515667324256
1515667329257
1515667334258
1515667339259
1515667344260
1515667349261
1515667354262
1515667359264
1515667364265
1515667369268
1515667374271
1515667379271
1515667384274
1515667389275
1515667395460
1515667400462
1515667975031
1515667980032
1515668003388
1515668008389
1515668123468
1515668128472
1515668133471
1515668581562
1515668592969
1515668597970
1515668627549
1515668632570
1515668637571
1515668642575
1515668647576
1515668652577
1515668657579
1515668662582
1515668676530
1515668681530
1515668690635
1515668695637
1515668700639
1515668705641
1515668712445
1515668717446
1515668755632
1515668760633
1515668765634
1515668770635
1515668820871
1515668825872
1515668830874
1515668835877
1515668840879
1515668846923
1515668851990
1515668903306
1515669515767
1515669520768
1515670180929
1515670185932
1515671409027
1515671414029
1515671419029
1515672124166
1515672129169
1515673756176
1515673761178
1515673766178
1515675126492
1515675131494
1515675136494
1515675669525
1515675674527
1515675679528
1515675684530
1515676325216
1515676330216
1515676335218
1515676455282
1515676460283
1515676465284
1515676470285
1515676475287
1515676482160
1515676488346
1515676493349
1515676498349
1515677709058
1515677720007
1515677725008
1515677730009
1515677875945
1515677880946
1515677885947
1515677898915
1515677903916
1515677908920
1515677913920
1515677918922
1515677923924
1515677934639
1515677939640
1515677944640
1515677949643
1515677954644
1515677959718
1515677964719
1515677969722
1515677974723
1515677979725
1515677984725
1515677993448
1515677998451
1515678003453
1515678017642
1515678022643
1515678047838
1515678052839
1515678081043
1515678315544
1515678324987
1515678329987
1515678334988
1515678339990
1515678344992
1515678349993
1515678354994
1515678359996
1515678364998
1515678370000
1515678375002
1515678380003
1515678385004
1515678917815
1515678922817
1515679006977
1515680158606
1515680163608
1515680168608
1515680769696
1515680774696
1515680779697
1515680784698
1515680908303
1515682467539
1515682472540
1515682533831
1515682538832
1515683089924
1515683096461
1515683101469
1515683180146
1515683185148
1515683190148
1515683195148
1515684470929
1515684475930
1515685149124
1515685154125
1515685159125
1515685343578
1515685348580
1515685853032
1515685858032
1515686132363
1515686137365
1515686164885
1515686265735
1515686270737
1515686276018
1515686281020
1515686286019
1515686299212
1515686387540
1515686461278
1515686466278
1515686471279
1515686710592
1515686715593
1515686726797
1515686731799
1515686763236
1515686768238
1515686773238
1515686778240
1515686783241
1515686847935
1515686882364
1515686887364
1515686892364
1515686964053
1515686969054
1515686991349
1515687037841
1515687100528
1515687105529
1515687120021
1515687125022
1515687420102
1515687427137
1515687432137
1515687437143
1515687442144
1515687447145
1515687456301
1515687463538
1515687512714
1515687517714
1515687550149
1515687601321
1515687606323
1515687611323
1515687616328
1515687621329
1515694048014
1515694067385
1515694096248
1515694101249
1515694110892
1515694115893
1515694128719
1515694133721
1515694138724
1515694143725
1515694157335
1515694169504
1515694174942
1515694179945
1515694186764
1515694191766
1515694196767
1515694207885
1515694215872
1515694223682
1515694228697
1515694247016
1515694264265
1515694280844
1515694285846
1515694290848
1515694299129
1515694343800
1515694348801
1515694376154
1515694486582
1515694497573
1515694509442
1515694518977
1515694546454
1515694551455
1515694556458
1515694561467
1515694566464
1515694573479
1515694578940
1515694586112
1515694591319
1515694598201
1515694619343
1515694634523
1515694639525
1515694674567
1515694691025
1515694700583
1515694705585
1515694710587
1515694720776
1515694729109
1515694734109
1515694740874
1515694745877
1515694757153
1515694762148
1515694767150
1515694772150
1515694777152
1515694782153
1515694787155
1515694793254
1515694798256
1515694803257
1515694809202
1515694814203
1515694819206
1515694824208
1515694829208
1515694834210
1515694839212
1515695225740
1515695230742
1515695236732
1515695273767
1515695278770
1515695286967
1515695291968
1515695296970
1515695301972
1515695306973
1515695311974
1515695316976
1515695324157
1515695329158
1515695347908
1515695432440
1515695437441
1515695471892
1515695478447
1515695483448
1515695488448
1515695493451
1515695498452
1515695504608
1515695509609
1515695514609
1515695521154
1515695526157
1515695540716
1515695545719
1515695551160
1515695564919
1515695569922
1515695574922
1515695581810
1515695586811
1515695594343
1515695614553
1515696238765
1515696243929
1515696248928
1515696260723
1515696725608
1515697014845
1515697019846
1515697024847
1515697029849
1515697036486
1515697041652
1515697053018
1515697058019
1515697066205
1515697081768
1515697091424
1515697097894
1515697102895
1515697121828
1515697164861
1515697170146
1515697175147
1515697181067
1515697187958
1515697192960
1515697197962
1515697203561
1515697208563
1515697213565
1515697218566
1515697223566
1515697228568
1515697235280
1515697240282
1515697245284
1515697250286
1515697258553
1515697263555
1515697269224
1515697277753
1515697282755
1515697287756
1515697292758
1515697297763
1515697321793
1515697326795
1515697334367
1515697399498
1515697611713
1515697616713
1515697642167
1515697801281
1515697810938
1515697818433
1515697876223
1515697881225
1515697886225
1515697897676
1515697902679
1515697920276
1515697951079
1515697967965
1515697977205
1515697982207
1515697987208
1515698017606
1515698022608
1515698027608
1515698032609
1515698037611
1515698044001
1515698070810
1515698081014
1515698092599
1515698101896
1515698146783
1515698152683
1515698179580
1515698212681
1515698217684
1515698222685
1515698227687
1515698563623
1515698568624
1515698613130
1515698645122
1515698661524
1515698666524
1515698671527
1515698676528
1515698681530
1515698694700
1515698726455
1515698750865
1515698758398
1515698780947
1515698796363
1515698801363
1515699043756
1515699048757
1515699057457
1515699062457
1515699067459
1515699072460
1515699077462
1515699082464
1515699087466
1515699092466
1515699248825
