1515907689616
1515907694663
1515907699665
1515907704668
1515907709668
1515907714670
1515907720066
1515907725068
1515907730070
1515907735071
1515907740073
1515907745074
1515907750788
1515907755791
1515907761439
1515907766441
1515907771443
1515907888822
1515907893824
1515907898826
1515907907899
1515907912900
1515907917900
1515907922902
1515907928028
1515907933113
1515907980993
1515907985995
1515907990996
1515907995997
1515908011208
1515908072897
1515908077898
1515908082899
1515908087901
1515908092903
1515908097904
1515908114261
1515908119263
1515908124264
1515908138666
1515908149648
1515908154651
1515908159656
1515908646925
1515908668369
1515908773235
1515908782131
1515908846314
1515908851315
1515908856409
1515908861586
1515908896290
1515908916543
1515908921543
1515908930712
1515908935715
1515908940716
1515909796964
1515909808627
1515909813629
1515909933261
1515910660626
1515910665628
1515911271174
1515911450154
1515911474292
1515911479292
1515911484296
1515911489295
1515911616397
1515911621400
1515911626401
1515911689241
1515911705431
1515911710433
1515911715435
1515911738056
1515911743059
1515911750035
1515911760607
1515911793297
1515911798721
1515911813945
1515911818946
1515911826579
1515911831580
1515911836584
1515911841586
1515911846587
1515911911188
1515911916190
1515911989842
1515912188597
1515912193597
1515912198756
1515912203759
1515912210219
1515912215222
1515912220225
1515912225228
1515912281630
1515912295665
1515912318476
1515912346217
1515912437849
1515912442851
1515912539360
1515912563824
1515912645010
1515912650009
1515912655011
1515912688879
1515912701346
1515912706346
1515912711349
1515912754055
1515912759057
1515912764058
1515912875840
1515912922087
1515912935829
1515912958592
1515912963598
1515912982977
1515913013285
1515913018288
1515913023289
1515913028292
1515913038261
1515913047908
1515913052911
1515913060089
1515913065108
1515913087457
1515913092459
1515913097459
1515913102465
1515913107537
1515913122513
1515913127516
1515913138337
1515913143337
1515913148339
1515913153342
1515913158342
1515913180758
1515913207333
1515913212334
1515913218611
1515913236408
1515913247444
1515913252448
1515913257449
1515913262452
1515913302951
1515913353644
1515913358646
1515913366724
1515913453362
1515913520902
1515913525906
1515913566738
1515913629677
1515913635256
1515913673488
1515913678490
1515913690506
1515913724549
1515913732154
1515913755343
1515913760784
1515913771551
1515913778248
1515913783490
1515913803717
1515913871713
1515913887778
1515913909991
1515913919627
1515913934933
1515913960740
1515913965737
1515913977826
1515913982829
1515913995009
1515914000010
1515914010403
1515914015402
1515914020404
1515914042627
1515914062612
1515914070181
1515914075181
1515914098587
1515914103587
1515914108588
1515914114497
1515914119499
1515914124500
1515914129501
1515914146818
1515914151819
1515914172389
1515914177389
1515914182391
1515914187392
1515914219722
1515914224723
1515914276328
1515914282368
1515914287368
1515914345113
1515914350115
1515914368591
1515914457585
1515914462580
1515914467581
1515914472583
1515914477585
1515914482586
1515914487588
1515914492589
1515914497592
1515914502760
1515914509187
1515914514188
1515914519189
1515914524191
1515914533649
1515914538652
1515914543653
1515914555729
1515914560730
1515914565732
1515914616493
1515914621495
1515914626495
1515914631498
1515914636499
1515914641500
1515914646501
1515914651502
1515914656504
1515914661506
1515914666508
1515914671509
1515914676510
1515914681511
1515914686512
1515914691514
1515914696516
1515914701517
1515914706518
1515914711519
1515914716522
1515914721523
1515914726525
1515914731533
1515914736533
1515914743783
1515914748785
1515914757384
1515914762388
1515914767393
1515914772389
1515914777390
1515914782392
1515914787394
1515914937767
1515914942767
1515914947769
1515914976250
1515914981251
1515914988920
1515914993922
1515914998924
1515915003930
1515915010983
1515915015985
1515915020985
1515915029103
1515915038241
1515915045785
1515915052252
1515915057252
1515915062254
1515915067255
1515915072257
1515915077258
1515915082259
1515915087262
1515915092261
1515915097263
1515915102265
1515915107267
1515915112268
1515915117269
1515915122272
1515915127272
1515915132275
1515915137274
1515915142277
1515915147278
1515915152279
1515915157281
1515915162283
1515915167285
1515915172289
1515915177290
1515915182292
1515915187294
1515915192296
1515915197298
1515915202299
1515915207301
1515915212302
1515915217304
1515915224621
1515915231674
1515915240833
1515915247347
1515915252936
1515915258055
1515915263056
1515915268237
1515915278958
1515915283959
1515915288960
1515915293961
1515915298963
1515915303964
1515915308966
1515915313967
1515915318969
1515915323970
1515915328971
1515915333973
1515915342725
1515915347726
1515915352727
1515915357728
1515915362729
1515915367731
1515915372733
1515915377734
1515915382736
1515915387737
1515915392740
1515915397741
1515915402819
1515915410716
1515915415716
1515915420717
1515915425720
1515915430720
1515915435721
1515915440726
1515915445727
1515915450728
1515915459526
1515915477735
1515915482737
1515915490806
1515915515345
1515915535696
1515915540697
1515915548711
1515915553711
1515915622396
1515915627397
1515915632398
1515915637400
1515915642401
1515915647404
1515915758328
1515915763329
1515915768330
1515915793115
1515915798116
1515915803117
1515915808117
1515915813119
1515915818120
1515915823121
1515915828123
1515915833124
1515915838126
1515915843128
1515915857507
1515915863043
1515915868044
1515915875031
1515915884118
1515915897389
1515915902391
1515915907393
1515915928185
1515915933186
1515915938188
1515915943189
1515915948191
1515915953599
1515915958600
1515915963602
1515915969797
1515915978317
1515915988937
1515915993942
1515915998945
1515916011147
1515916016148
1515916024890
1515916029891
1515916047291
1515916052292
1515916073341
1515916078342
1515916096295
1515916102409
1515916170150
1515916185667
1515916190669
1515916242863
1515916247867
1515916252867
1515916257869
1515916337281
1515916342283
1515916347284
1515916459880
1515916560957
1515916575255
1515916580256
1515916585259
1515916590260
1515916595263
1515916600265
1515916605268
1515916610269
1515916615272
1515916620274
1515916625274
1515916639067
1515916644070
1515916649071
1515916654072
1515916659073
1515916664073
1515916700740
1515916705741
1515916710743
1515916715745
1515916720746
1515916725748
1515916730767
1515916735769
1515916740769
